1850   -0.519511 -999.000000 -999.000000 -999.000000 -999.000000
1851   -0.415615 -999.000000 -999.000000 -999.000000 -999.000000
1852   -0.378043 -999.000000 -999.000000 -999.000000 -999.000000
1853   -0.432773 -999.000000 -999.000000 -999.000000 -999.000000
1854   -0.391550 -999.000000 -999.000000 -999.000000 -999.000000
1855   -0.404022 -999.000000 -999.000000 -999.000000 -999.000000
1856   -0.473399 -999.000000 -999.000000 -999.000000 -999.000000
1857   -0.520549 -999.000000 -999.000000 -999.000000 -999.000000
1858   -0.511153 -999.000000 -999.000000 -999.000000 -999.000000
1859   -0.382765 -999.000000 -999.000000 -999.000000 -999.000000
1860   -0.564215 -999.000000 -999.000000 -999.000000 -999.000000
1861   -0.617747 -999.000000 -999.000000 -999.000000 -999.000000
1862   -0.682529 -999.000000 -999.000000 -999.000000 -999.000000
1863   -0.538744 -999.000000 -999.000000 -999.000000 -999.000000
1864   -0.528408 -999.000000 -999.000000 -999.000000 -999.000000
1865   -0.407264 -999.000000 -999.000000 -999.000000 -999.000000
1866   -0.420036 -999.000000 -999.000000 -999.000000 -999.000000
1867   -0.501545 -999.000000 -999.000000 -999.000000 -999.000000
1868   -0.446877 -999.000000 -999.000000 -999.000000 -999.000000
1869   -0.368028 -999.000000 -999.000000 -999.000000 -999.000000
1870   -0.467167 -999.000000 -999.000000 -999.000000 -999.000000
1871   -0.463479 -999.000000 -999.000000 -999.000000 -999.000000
1872   -0.496971 -999.000000 -999.000000 -999.000000 -999.000000
1873   -0.499722 -999.000000 -999.000000 -999.000000 -999.000000
1874   -0.532710 -999.000000 -999.000000 -999.000000 -999.000000
1875   -0.521814 -999.000000 -999.000000 -999.000000 -999.000000
1876   -0.547758 -999.000000 -999.000000 -999.000000 -999.000000
1877   -0.189380 -999.000000 -999.000000 -999.000000 -999.000000
1878   -0.184510 -999.000000 -999.000000 -999.000000 -999.000000
1879   -0.446410 -999.000000 -999.000000 -999.000000 -999.000000
1880   -0.483515 -999.000000 -999.000000 -999.000000 -999.000000
1881   -0.402587 -999.000000 -999.000000 -999.000000 -999.000000
1882   -0.464894 -999.000000 -999.000000 -999.000000 -999.000000
1883   -0.498479 -999.000000 -999.000000 -999.000000 -999.000000
1884   -0.606132 -999.000000 -999.000000 -999.000000 -999.000000
1885   -0.596540 -999.000000 -999.000000 -999.000000 -999.000000
1886   -0.593042 -999.000000 -999.000000 -999.000000 -999.000000
1887   -0.651499 -999.000000 -999.000000 -999.000000 -999.000000
1888   -0.416142 -999.000000 -999.000000 -999.000000 -999.000000
1889   -0.357825 -999.000000 -999.000000 -999.000000 -999.000000
1890   -0.646705 -999.000000 -999.000000 -999.000000 -999.000000
1891   -0.534037 -999.000000 -999.000000 -999.000000 -999.000000
1892   -0.571812 -999.000000 -999.000000 -999.000000 -999.000000
1893   -0.643936 -999.000000 -999.000000 -999.000000 -999.000000
1894   -0.641785 -999.000000 -999.000000 -999.000000 -999.000000
1895   -0.528488 -999.000000 -999.000000 -999.000000 -999.000000
1896   -0.423514 -999.000000 -999.000000 -999.000000 -999.000000
1897   -0.404698 -999.000000 -999.000000 -999.000000 -999.000000
1898   -0.568722 -999.000000 -999.000000 -999.000000 -999.000000
1899   -0.468896 -999.000000 -999.000000 -999.000000 -999.000000
1900   -0.368714 -999.000000 -999.000000 -999.000000 -999.000000
1901   -0.419338 -999.000000 -999.000000 -999.000000 -999.000000
1902   -0.531503 -999.000000 -999.000000 -999.000000 -999.000000
1903   -0.668922 -999.000000 -999.000000 -999.000000 -999.000000
1904   -0.738918 -999.000000 -999.000000 -999.000000 -999.000000
1905   -0.564533 -999.000000 -999.000000 -999.000000 -999.000000
1906   -0.474884 -999.000000 -999.000000 -999.000000 -999.000000
1907   -0.655197 -999.000000 -999.000000 -999.000000 -999.000000
1908   -0.726318 -999.000000 -999.000000 -999.000000 -999.000000
1909   -0.732948 -999.000000 -999.000000 -999.000000 -999.000000
1910   -0.680559 -999.000000 -999.000000 -999.000000 -999.000000
1911   -0.709711 -999.000000 -999.000000 -999.000000 -999.000000
1912   -0.638269 -999.000000 -999.000000 -999.000000 -999.000000
1913   -0.625994 -999.000000 -999.000000 -999.000000 -999.000000
1914   -0.447688 -999.000000 -999.000000 -999.000000 -999.000000
1915   -0.392839 -999.000000 -999.000000 -999.000000 -999.000000
1916   -0.607030 -999.000000 -999.000000 -999.000000 -999.000000
1917   -0.735422 -999.000000 -999.000000 -999.000000 -999.000000
1918   -0.611937 -999.000000 -999.000000 -999.000000 -999.000000
1919   -0.536109 -999.000000 -999.000000 -999.000000 -999.000000
1920   -0.535739 -999.000000 -999.000000 -999.000000 -999.000000
1921   -0.473182 -999.000000 -999.000000 -999.000000 -999.000000
1922   -0.543751 -999.000000 -999.000000 -999.000000 -999.000000
1923   -0.555740 -999.000000 -999.000000 -999.000000 -999.000000
1924   -0.534261 -999.000000 -999.000000 -999.000000 -999.000000
1925   -0.511781 -999.000000 -999.000000 -999.000000 -999.000000
1926   -0.381837 -999.000000 -999.000000 -999.000000 -999.000000
1927   -0.478462 -999.000000 -999.000000 -999.000000 -999.000000
1928   -0.467148 -999.000000 -999.000000 -999.000000 -999.000000
1929   -0.628703 -999.000000 -999.000000 -999.000000 -999.000000
1930   -0.422063 -999.000000 -999.000000 -999.000000 -999.000000
1931   -0.358818 -999.000000 -999.000000 -999.000000 -999.000000
1932   -0.434511 -999.000000 -999.000000 -999.000000 -999.000000
1933   -0.551798 -999.000000 -999.000000 -999.000000 -999.000000
1934   -0.413187 -999.000000 -999.000000 -999.000000 -999.000000
1935   -0.462435 -999.000000 -999.000000 -999.000000 -999.000000
1936   -0.418538 -999.000000 -999.000000 -999.000000 -999.000000
1937   -0.315581 -999.000000 -999.000000 -999.000000 -999.000000
1938   -0.303184 -999.000000 -999.000000 -999.000000 -999.000000
1939   -0.293146 -999.000000 -999.000000 -999.000000 -999.000000
1940   -0.155318 -999.000000 -999.000000 -999.000000 -999.000000
1941   -0.081876 -999.000000 -999.000000 -999.000000 -999.000000
1942   -0.217364 -999.000000 -999.000000 -999.000000 -999.000000
1943   -0.232734 -999.000000 -999.000000 -999.000000 -999.000000
1944   -0.067688 -999.000000 -999.000000 -999.000000 -999.000000
1945   -0.154067 -999.000000 -999.000000 -999.000000 -999.000000
1946   -0.345574 -999.000000 -999.000000 -999.000000 -999.000000
1947   -0.309864 -999.000000 -999.000000 -999.000000 -999.000000
1948   -0.373050 -999.000000 -999.000000 -999.000000 -999.000000
1949   -0.369438 -999.000000 -999.000000 -999.000000 -999.000000
1950   -0.435768 -999.000000 -999.000000 -999.000000 -999.000000
1951   -0.332887 -999.000000 -999.000000 -999.000000 -999.000000
1952   -0.258933 -999.000000 -999.000000 -999.000000 -999.000000
1953   -0.203011 -999.000000 -999.000000 -999.000000 -999.000000
1954   -0.399151 -999.000000 -999.000000 -999.000000 -999.000000
1955   -0.428202 -999.000000 -999.000000 -999.000000 -999.000000
1956   -0.469076 -999.000000 -999.000000 -999.000000 -999.000000
1957   -0.246958 -999.000000 -999.000000 -999.000000 -999.000000
1958   -0.211034 -999.000000 -999.000000 -999.000000 -999.000000
1959   -0.229984 -999.000000 -999.000000 -999.000000 -999.000000
1960   -0.298353 -999.000000 -999.000000 -999.000000 -999.000000
1961   -0.229356 -999.000000 -999.000000 -999.000000 -999.000000
1962   -0.251843 -999.000000 -999.000000 -999.000000 -999.000000
1963   -0.237098 -999.000000 -999.000000 -999.000000 -999.000000
1964   -0.474858 -999.000000 -999.000000 -999.000000 -999.000000
1965   -0.381400 -999.000000 -999.000000 -999.000000 -999.000000
1966   -0.336425 -999.000000 -999.000000 -999.000000 -999.000000
1967   -0.299631 -999.000000 -999.000000 -999.000000 -999.000000
1968   -0.359045 -999.000000 -999.000000 -999.000000 -999.000000
1969   -0.204832 -999.000000 -999.000000 -999.000000 -999.000000
1970   -0.251554 -999.000000 -999.000000 -999.000000 -999.000000
1971   -0.363332 -999.000000 -999.000000 -999.000000 -999.000000
1972   -0.248277 -999.000000 -999.000000 -999.000000 -999.000000
1973   -0.110175 -999.000000 -999.000000 -999.000000 -999.000000
1974   -0.357602 -999.000000 -999.000000 -999.000000 -999.000000
1975   -0.295383 -999.000000 -999.000000 -999.000000 -999.000000
1976   -0.359715 -999.000000 -999.000000 -999.000000 -999.000000
1977   -0.101166 -999.000000 -999.000000 -999.000000 -999.000000
1978   -0.200870 -999.000000 -999.000000 -999.000000 -999.000000
1979   -0.107007 -999.000000 -999.000000 -999.000000 -999.000000
1980    0.002894 -999.000000 -999.000000 -999.000000 -999.000000
1981    0.047151 -999.000000 -999.000000 -999.000000 -999.000000
1982   -0.136139 -999.000000 -999.000000 -999.000000 -999.000000
1983    0.039900 -999.000000 -999.000000 -999.000000 -999.000000
1984   -0.116657 -999.000000 -999.000000 -999.000000 -999.000000
1985   -0.149391 -999.000000 -999.000000 -999.000000 -999.000000
1986   -0.080846 -999.000000 -999.000000 -999.000000 -999.000000
1987    0.035571 -999.000000 -999.000000 -999.000000 -999.000000
1988    0.095345 -999.000000 -999.000000 -999.000000 -999.000000
1989   -0.023634 -999.000000 -999.000000 -999.000000 -999.000000
1990    0.140660 -999.000000 -999.000000 -999.000000 -999.000000
1991    0.110188 -999.000000 -999.000000 -999.000000 -999.000000
1992   -0.068506 -999.000000 -999.000000 -999.000000 -999.000000
1993   -0.039722 -999.000000 -999.000000 -999.000000 -999.000000
1994    0.019843 -999.000000 -999.000000 -999.000000 -999.000000
1995    0.173493 -999.000000 -999.000000 -999.000000 -999.000000
1996    0.041834 -999.000000 -999.000000 -999.000000 -999.000000
1997    0.180083 -999.000000 -999.000000 -999.000000 -999.000000
1998    0.325471 -999.000000 -999.000000 -999.000000 -999.000000
1999    0.103824 -999.000000 -999.000000 -999.000000 -999.000000
2000    0.104635 -999.000000 -999.000000 -999.000000 -999.000000
2001    0.242008 -999.000000 -999.000000 -999.000000 -999.000000
2002    0.314117 -999.000000 -999.000000 -999.000000 -999.000000
2003    0.322204 -999.000000 -999.000000 -999.000000 -999.000000
2004    0.252401 -999.000000 -999.000000 -999.000000 -999.000000
2005    0.388773 -999.000000 -999.000000 -999.000000 -999.000000
2006    0.349231 -999.000000 -999.000000 -999.000000 -999.000000
2007    0.339263 -999.000000 -999.000000 -999.000000 -999.000000
2008    0.237268 -999.000000 -999.000000 -999.000000 -999.000000
2009    0.361367 -999.000000 -999.000000 -999.000000 -999.000000
2010    0.428901 -999.000000 -999.000000 -999.000000 -999.000000
2011    0.308557 -999.000000 -999.000000 -999.000000 -999.000000
2012    0.348306 -999.000000 -999.000000 -999.000000 -999.000000
2013    0.372999 -999.000000 -999.000000 -999.000000 -999.000000
2014    0.449611 -999.000000 -999.000000 -999.000000 -999.000000
2015    0.606761 -999.000000 -999.000000 -999.000000 -999.000000
2016    0.725262 -999.000000 -999.000000 -999.000000 -999.000000
2017    0.632944 -999.000000 -999.000000 -999.000000 -999.000000
2018    0.562925 -999.000000 -999.000000 -999.000000 -999.000000
2019    0.675573 -999.000000 -999.000000 -999.000000 -999.000000
2020    0.709055 -999.000000 -999.000000 -999.000000 -999.000000
2021    0.558270 -999.000000 -999.000000 -999.000000 -999.000000
2022    0.590746 -999.000000 -999.000000 -999.000000 -999.000000
2023    0.880922 -999.000000 -999.000000 -999.000000 -999.000000
2024    0.953581 -999.000000 -999.000000 -999.000000 -999.000000
